# Xếp hàng vào lớp

Vy ở trong lớp $\text{CP01}$ có $n$ thành viên. Hôm nay lớp của Vy phải chào cờ và xếp thành $4$ hàng, các thành viên trong hàng được xếp theo thứ tự tăng dần về chiều cao. 

***Yêu cầu:*** Biết chiều cao của từng thành viên trong mỗi tổ. Bạn hãy đưa ra thứ tự cách xếp hàng sau khi đã sắp xếp.

## Input

Gồm $4$ dòng, mỗi dòng gồm $10$ số nguyên dương là chiều cao của bạn thứ $i$ trong tổ.

## Constraints

- $150 \le A_i \le 190$: là chiều cao của bạn thứ $i$ trong tổ.

## Output

Gồm $4$ dòng, mỗi dòng gồm $10$ số là chiều cao của các bạn trong tổ sau khi được sắp xếp tăng dần.

## Sample Input

```
168 165 167 171 185 159 161 164 169 165
176 154 181 154 169 177 181 160 157 186
183 179 157 152 179 174 190 165 160 163
168 167 174 185 164 150 177 180 184 154
```

## Sample Output

```
159 161 164 165 165 167 168 169 171 185 
154 154 157 160 169 176 177 181 181 186 
152 157 160 163 165 174 179 179 183 190 
150 154 164 167 168 174 177 180 184 185
```
